drifted_feature,important_feature,fragile_feature,account_id,protected_region,is_fraud,pred_prob
0.7709112482768751,13.907127956933724,28.056175301799758,ACC_00000,south,1,0.9069912885458845
0.7037905202778941,66.98362380346201,65.9947094011379,ACC_00001,north,1,0.8784580564914521
-0.29187676538686635,95.62630079859913,57.03142542220004,ACC_00002,north,1,0.88236431085276
-0.917764309076953,64.1450638131698,55.33207317899313,ACC_00003,north,0,0.10691832546298644
-0.927403551526011,83.72699734841112,51.654036602997046,ACC_00004,south,1,0.8659973694512213
-0.27326824594131405,89.5785817013567,36.17982431307563,ACC_00005,south,0,0.11049771145748179
0.7445184916452914,30.527179475403923,45.163828604445634,ACC_00006,north,0,0.07313936879022401
1.0282456913443245,29.0840355917404,58.41780774784013,ACC_00007,north,1,0.9318856107909965
-0.39653173548196907,64.98828899658926,39.487799702174975,ACC_00008,south,0,0.170134832361649
-1.0534924259847838,46.99256228260342,24.682306837491865,ACC_00009,north,0,0.07417729594894541
0.36784363786633334,85.58751725800484,47.72893992219074,ACC_00010,south,0,0.11602623587124025
-0.7235349706258495,91.002081105821,48.58242445972461,ACC_00011,north,1,0.8781977428535395
-0.41825263886120245,41.807924137244626,51.35563416414709,ACC_00012,north,0,0.1312286252139337
1.4252760904370376,31.318350307703387,57.28518643514536,ACC_00013,north,1,0.8620422477274435
0.927115428565768,80.24729637194757,56.37605812231209,ACC_00014,north,0,0.11441760275283139
0.25797431225145173,34.73254319933225,52.587698052439215,ACC_00015,south,0,0.07381033099331943
-1.1719190011127227,84.03528866623105,61.955313880867095,ACC_00016,north,1,0.893790462327049
0.3113965674706589,48.13644282838865,34.81030219186685,ACC_00017,south,0,0.0690692417455808
1.1626572907875266,70.07949093623233,55.045818144773904,ACC_00018,north,0,0.1246705141268726
-0.2756336657655356,18.59817824512014,56.265383633369424,ACC_00019,north,0,0.0748905893668124
1.4511140899867152,66.14733922089158,37.6043771391976,ACC_00020,north,0,0.11655892777995483
1.392745289518207,50.65909108635062,34.971293913176105,ACC_00021,north,1,0.88967705915213
1.7637328321434735,62.79476168579267,42.54057873524398,ACC_00022,south,0,0.09656582884603412
0.40524312653135297,25.12127869703771,43.38458557484708,ACC_00023,north,1,0.9044326772220039
0.6873916998060122,76.31863704497638,57.534194635024306,ACC_00024,north,0,0.07714525985023454
1.51418728833109,87.65173697889057,43.85461216308905,ACC_00025,north,0,0.10631101340622662
0.5473939370689757,29.506582008169808,41.43651481718796,ACC_00026,north,1,0.9459100369306324
-0.40123410779021274,18.614309996814555,43.883662633054406,ACC_00027,north,0,0.07665715642501858
-0.34854283652786133,12.127472744170277,61.18632334154212,ACC_00028,south,0,0.13515430429821534
0.3385549537737392,67.77743503989393,50.13043374376952,ACC_00029,north,0,0.14494292900463351
-1.1905614219462186,64.63846324799027,48.20748974643088,ACC_00030,north,0,0.07551535032915868
-0.04325891536419263,59.2027671442663,48.899945012989484,ACC_00031,north,0,0.05634836184728345
1.1965471182302538,30.875238650437787,62.92060334326523,ACC_00032,south,0,0.10905882700515294
-2.091253851165281,45.18153963149632,42.50828273396758,ACC_00033,north,0,0.08357777431699381
1.634482101794515,63.50287016675557,63.15508290940104,ACC_00034,north,0,0.15605809657489006
1.2223742187031597,54.709017297325246,52.10496298921504,ACC_00035,north,0,0.10104422621499497
-0.35976461583047625,98.90069681933986,48.395806180246524,ACC_00036,north,0,0.07593401775894462
0.6433908278718096,22.27957773010598,75.00900497934282,ACC_00037,north,0,0.06558521466964867
0.10314772690632663,72.56300986428344,39.44360510201403,ACC_00038,north,1,0.9326971487727249
1.3299903684386831,46.38868912938629,46.46314240432994,ACC_00039,south,1,0.8828644807774745
1.0826831427699413,48.53796534330533,37.67568760835999,ACC_00040,north,0,0.10131486398381286
-1.300070723183009,74.58379890923587,59.524619705361694,ACC_00041,south,1,0.9286740823533745
0.6872624134641767,72.31925361919326,66.89188933651678,ACC_00042,north,0,0.0854722494420751
-0.10562785364324764,99.21303943319695,66.6992278140464,ACC_00043,north,0,0.09862213513779519
0.18283257051809992,21.55548605087127,62.23948753146004,ACC_00044,north,0,0.0995029477053244
-0.6281719009698156,19.36986844457497,48.02379532204034,ACC_00045,north,0,0.12049973534548276
1.8481370691208354,75.1904935415867,46.347590225101534,ACC_00046,south,0,0.11772233006530977
1.140061819902576,62.05482253057682,33.28830227505935,ACC_00047,north,0,0.09339658806235515
-0.6397711639729673,34.67445999038253,70.35873535181793,ACC_00048,north,0,0.10190947184489553
-1.2346106069102325,17.147743209008794,54.68978078148468,ACC_00049,north,1,0.8888466296542954
-0.28567263097784823,17.70924246367875,45.08043095130517,ACC_00050,south,0,0.05567162779241667
0.5345026460913057,90.47717871977065,63.28056888986968,ACC_00051,north,0,0.10772802572194388
0.340205843946223,27.268059224686862,40.27235483239999,ACC_00052,south,1,0.9567657528249921
1.3531328247682435,39.10344059039687,54.06622034222674,ACC_00053,north,0,0.07348842577926812
0.8899197221808522,30.399076200428922,48.27370865709165,ACC_00054,north,0,0.07680910871191891
1.069569025752907,41.94966752487436,56.386771398803006,ACC_00055,north,1,0.8738781668506878
0.42685540061043736,16.248145847148404,49.36426460813878,ACC_00056,north,1,0.9217377533616937
-1.2892987302109902,56.715381181744334,35.49072108888776,ACC_00057,north,1,0.9134545636258933
-0.09569853114690144,16.085130723299343,50.75576372670038,ACC_00058,north,1,0.8952438692275063
1.1600897399086656,82.03208570401254,60.48864141875362,ACC_00059,south,1,0.8724594281508311
0.04847707147535395,31.034087371938973,49.70783594146015,ACC_00060,south,1,0.9027713037491978
0.6030903686237468,58.601072314405954,57.75115121589086,ACC_00061,south,0,0.05306133617992588
-0.2187483152461331,89.20711788053124,39.54470514325947,ACC_00062,north,0,0.1043027970057248
-0.9298118485418451,68.57896321424747,49.73739206730148,ACC_00063,north,0,0.12614573158263803
-0.023344064046110446,57.966200789620174,43.75489544911423,ACC_00064,north,0,0.06246402590098967
0.40904744303265395,39.190037780383804,57.469808401047096,ACC_00065,south,1,0.8540244516951101
-0.5556877194614437,39.97017217523781,50.31491562261996,ACC_00066,south,0,0.1473831367508458
-0.1357112448566685,70.25382596783712,56.900736763366126,ACC_00067,north,0,0.08164721081486245
-0.8394632419859827,99.47254250990508,60.87710426157866,ACC_00068,north,0,0.13407843537831465
1.219244917564096,69.56552708644408,56.91618575121388,ACC_00069,north,1,0.8953800700440651
-0.194455757588034,60.20050756330224,52.731184342936444,ACC_00070,north,0,0.09514135549176019
1.5527555451261832,75.75854592153215,40.017877414885945,ACC_00071,north,1,0.9131523809848994
1.6287478505409085,51.86850510553463,49.972138893330985,ACC_00072,north,0,0.07348003429760679
0.018954035278256245,15.412810834070669,44.66909597984167,ACC_00073,south,0,0.10397491430486937
-0.9084487325473497,60.60671342901188,46.55936043295773,ACC_00074,north,0,0.08855531755527722
-1.9858978777333371,96.18627560548421,46.25465849249749,ACC_00075,north,0,0.060385196697849065
-1.3720370730267915,25.777264812189365,40.20074425217756,ACC_00076,south,1,0.910124462241792
-1.27383482489866,72.10044017385991,30.4266141086601,ACC_00077,north,1,0.8921007657936625
1.4784696274615048,28.084031979315082,43.318569516722334,ACC_00078,north,0,0.09528925514665877
0.21582458722694609,58.22449160257732,51.93379451924159,ACC_00079,north,0,0.06369517169757527
0.48960452409198785,18.700880468204765,36.5182295457251,ACC_00080,north,0,0.14774201103288412
-2.120421008935126,50.53338426323666,50.15682236471624,ACC_00081,north,1,0.9263014255915835
-1.0979664292172615,78.05469960057215,69.00268424310966,ACC_00082,south,1,0.9289246765251594
0.987079776446287,41.28143718150839,60.23056555252239,ACC_00083,north,0,0.09083665892674955
0.3867741123825862,69.84205520384963,66.4354150912053,ACC_00084,north,0,0.0481245133148974
-0.04720527868559726,81.59049647107562,53.91127876932726,ACC_00085,north,1,0.9585875214746853
0.6648423586001225,93.44600375315073,61.67509822986446,ACC_00086,north,0,0.09816707475982396
1.735797806135815,31.117787366990818,42.760352695322126,ACC_00087,south,0,0.0775360061193984
-0.12104246353705056,45.938432422837735,43.55659732978016,ACC_00088,south,0,0.11250404723449342
0.16936980265806945,23.71744119973757,22.608597938625273,ACC_00089,north,0,0.13501362364009892
0.2925969187313051,99.32351519425377,61.861454740422985,ACC_00090,south,1,0.8993084833174361
2.4921096352739927,93.43008711318657,65.40323979819885,ACC_00091,north,1,0.9383572550381812
-1.9993562644190255,58.59614172525036,44.4682275465273,ACC_00092,south,0,0.13248999815550605
0.783223014788808,85.78299649387792,47.460482936027645,ACC_00093,north,0,0.06770856437793826
-0.014802248759063663,56.8862179544838,42.46137886309039,ACC_00094,south,0,0.07978629683021571
0.6667717261841796,66.12271192024838,53.82653551477492,ACC_00095,south,0,0.12872611489839303
-0.5573725539947244,18.021198890441497,61.24932545303241,ACC_00096,north,0,0.018621623085686864
0.05103496914154975,77.97433784471271,32.57228026118959,ACC_00097,north,0,0.09551632920505035
0.8114105794654951,21.494213527171134,54.094385306422524,ACC_00098,south,0,0.05707506395125985
3.212910201043841,84.34608672272755,47.233282282808545,ACC_00099,south,0,0.08570338595699427
0.9080361894020714,80.38252789033473,51.13394391966689,ACC_00100,north,0,0.09103539732912388
-0.7480655980305086,73.78702279686789,54.58994001674291,ACC_00101,south,0,0.08925266866277477
-0.3237596820227032,13.254434247228591,48.11797561227179,ACC_00102,north,0,0.08343216243662174
-0.353414108383854,37.28155203507957,48.964131465942195,ACC_00103,north,0,0.06708569051113558
-1.695643172630015,33.680131291975854,47.86124832445361,ACC_00104,north,1,0.9687573380045607
-0.23009019170143727,42.41227667243672,59.70316201788282,ACC_00105,north,0,0.15602386012484054
0.832829081821745,17.88784720874547,54.18759960127497,ACC_00106,south,0,0.06513802539231152
-1.174232119076795,94.32620407279565,52.20583537737361,ACC_00107,north,1,0.947463502539107
1.1484826510505926,59.842201664113865,37.290482789077174,ACC_00108,south,1,0.8880160352858144
0.5877748210843382,37.49718795922212,46.214202567868455,ACC_00109,north,0,0.10387562419995132
-0.6342333219710379,45.72833653668551,58.98669160339174,ACC_00110,north,1,0.8981017812030926
-0.041529637337847425,50.24822864543521,50.37696573123923,ACC_00111,north,0,0.08020754076238103
1.6983218076410331,64.05349000245556,56.59531469589138,ACC_00112,north,0,0.1295155703081844
0.8335478135058658,56.4111484926848,67.66511800327633,ACC_00113,north,0,0.10377659591729974
0.10878365489814783,92.74527758929756,60.386060692088165,ACC_00114,north,1,0.8857034573034228
-0.1376833169609843,54.726713461524724,50.93158337699742,ACC_00115,north,1,0.8608623166859859
0.17660907045165963,99.29422133409814,44.890108298042726,ACC_00116,north,0,0.07319214958842639
-0.41176355794230346,86.62824619705862,24.464504039441017,ACC_00117,north,0,0.0507585965319371
-2.0047495057190146,28.765946292160223,48.316150775271474,ACC_00118,north,0,0.10036670645245509
2.142177910534731,93.75356931795247,46.73987504183151,ACC_00119,south,0,0.06410003223146812
0.25532499919940144,20.472975809692848,53.90366194395376,ACC_00120,south,0,0.09203318462444376
0.49814726512253715,83.57047376420724,48.460947730253125,ACC_00121,north,1,0.9411030556083111
0.042092250123091285,44.256096412892205,46.79614940563206,ACC_00122,north,1,0.9359789871876476
-0.635116800724588,89.01768884005625,32.2060106949278,ACC_00123,north,1,0.8990316931769214
-0.08592448094877073,88.12510210967054,40.60032170849934,ACC_00124,south,1,0.8973874582157055
-1.4993947621943111,82.5332860105859,54.76651040800557,ACC_00125,north,0,0.15639623648263024
2.3770864980533046,81.10273926763553,67.15907631132694,ACC_00126,north,1,0.9156226836107614
-1.134511998422396,37.42112251882367,49.024746162543764,ACC_00127,north,0,0.09016580620370432
-0.9319662838471795,17.282735474612696,53.27811073574124,ACC_00128,north,0,0.05721945648638645
-0.34025920438640045,46.268216088864534,59.52478156952805,ACC_00129,north,0,0.1118161965449423
1.3880757248523776,25.61720634878578,41.891060637997505,ACC_00130,south,0,0.12487971317748588
0.11450899926265415,72.54559800122155,53.66814043285442,ACC_00131,north,0,0.08105045426459069
-1.1361357960304623,41.1489753884007,42.59509893667841,ACC_00132,north,0,0.10873608265414098
1.3543383607573396,97.80491807739234,58.648244384910114,ACC_00133,north,1,0.8890928011525492
0.8310006267854814,67.68748696107988,51.514030479517324,ACC_00134,north,0,0.09447902802402992
0.6384349572164524,84.02325072709249,52.9845181398144,ACC_00135,south,0,0.025365338273130075
0.8157342411708404,21.927220546766357,42.17401402581411,ACC_00136,north,1,0.8933465578885159
2.494361900582451,87.58130340453603,57.07032359610785,ACC_00137,south,0,0.12908107907224164
2.2850948950361123,93.0481471462055,70.84712921231016,ACC_00138,north,0,0.08105792333300327
-0.5867153430032953,53.83557269370423,39.92088304571794,ACC_00139,north,0,0.10157579104645949
1.7238849928111524,64.56276439758797,46.60240992352476,ACC_00140,south,0,0.0773214787992424
0.4831681897589003,78.83288208126959,52.31607474168092,ACC_00141,north,0,0.1108132502887832
0.5990958161377494,25.73547645343713,57.86406211995816,ACC_00142,south,0,0.0935043040739148
-1.5922708316433285,55.23094688170982,44.40453714710531,ACC_00143,north,0,0.0718227537795398
-0.07038576538819596,45.87967249950818,21.6696970985726,ACC_00144,south,0,0.13997654402995385
-0.712823590336565,23.17365929460242,63.59189494164025,ACC_00145,north,0,0.12786796040596646
0.9280588148933092,43.07809800623783,57.60506119584143,ACC_00146,north,0,0.08185279708215476
1.171080500402805,16.135507844694423,32.57052469513335,ACC_00147,south,0,0.11493364928253333
-1.9744863510163113,12.323071625453828,43.92431208220444,ACC_00148,south,1,0.9161223600846115
0.07796513599572956,22.16496602393405,65.68182429527326,ACC_00149,south,0,0.11926903705033529
1.2218615047942523,96.68036004302564,64.47796418457867,ACC_00150,south,0,0.049172323120147673
-0.08667896231344496,59.45765823055153,59.38640022678945,ACC_00151,south,1,0.9301981962309789
0.8290636450023644,96.9239945037898,48.238875660401376,ACC_00152,north,0,0.08290903111222807
0.4511654676270841,48.924809049711875,50.8298741881251,ACC_00153,north,0,0.089265161996762
0.4416602319526264,38.06345197767336,48.69074194873873,ACC_00154,north,0,0.179136452567806
-0.17131497806829746,55.55276765562197,61.282397832688375,ACC_00155,north,1,0.9090562014216303
-1.1165808041357095,49.55605197696191,41.2415759350489,ACC_00156,north,1,0.8884103257365847
-1.0215301474250273,19.509821583556953,41.94200345115795,ACC_00157,north,0,0.033841168817322825
0.8093525144553172,67.67436832211857,60.10274586836016,ACC_00158,north,1,0.9416929240183907
0.11945825551888312,29.443436425863965,49.556385444884384,ACC_00159,north,0,0.05964370987574193
-0.038512244607224744,65.76291594080466,63.78467355453808,ACC_00160,north,0,0.0698968328950149
-0.3238900423223525,68.51809831583381,43.28487793019454,ACC_00161,north,0,0.09005943102736452
-0.20518884548075175,23.68223678157833,49.452216396611746,ACC_00162,north,0,0.14249235375100877
1.1469117944881395,15.521466439960134,40.77587015156047,ACC_00163,south,1,0.9231971995999728
-0.23524408186802673,80.26854274615958,50.07362681423567,ACC_00164,south,0,0.09526487470479221
-1.2410647133015686,51.382038139238816,35.21453063001201,ACC_00165,north,0,0.10924876190916463
0.8436517755401732,15.234741595492821,45.123665790450374,ACC_00166,north,1,0.8819884292138669
-0.10487666386471722,99.53796854527904,35.63746135071882,ACC_00167,north,0,0.10418961068696053
0.13139586553277643,15.200250489672998,56.93923233191258,ACC_00168,north,0,0.1022001023433441
1.7075783063995105,72.55317059726978,57.16589339759652,ACC_00169,north,0,0.1290630968704406
0.07943944264949282,98.53110327370723,32.697372695156545,ACC_00170,north,1,0.9290153436731685
0.38918367311872537,31.526209379433304,63.33885745500573,ACC_00171,north,1,0.9148193214661694
-1.0789234912983252,22.802443181847657,74.97415126419854,ACC_00172,north,0,0.08912957327361694
-0.11966945235096013,20.9246445480186,50.46006386736341,ACC_00173,south,1,0.9222546688317038
0.7095260452086012,37.294763281083604,43.58885739775355,ACC_00174,south,0,0.0972409460139086
-1.4553737338412422,19.0941229909582,78.24330591003047,ACC_00175,north,1,0.867542568938606
0.3008450931157096,72.29452075247187,36.8103150169749,ACC_00176,north,0,0.08790136624267185
0.2007910726448063,15.606261831705641,50.20106466869098,ACC_00177,north,0,0.10253580951352974
0.14128745558743938,55.84799153348107,51.796222726319236,ACC_00178,north,1,0.9273064735099423
1.1371588986582433,99.70271684676791,63.45147620452415,ACC_00179,south,0,0.09449415483528542
0.4344385148485215,83.25732425554169,53.59738975126788,ACC_00180,north,0,0.06372403866281182
1.5780718983564441,65.36974944079098,45.01366104211549,ACC_00181,south,0,0.10170225049890459
-0.8935895155940362,37.56282587079505,40.48815629612044,ACC_00182,north,1,0.9034036812016966
0.23592456721834798,66.15062526624746,46.581781797538646,ACC_00183,south,0,0.10557512886708259
0.18446678638994743,57.433731752048644,39.93072639054856,ACC_00184,north,0,0.1275961454786329
-0.9692544937550801,48.347504550133436,50.47825319784683,ACC_00185,south,0,0.13056769720269695
1.0562950020913462,21.76393390661795,44.35803820139513,ACC_00186,north,0,0.08217367382855001
2.424673305852818,89.79437937164201,35.059622067102495,ACC_00187,north,0,0.0815156962585317
0.082993925516169,50.48061839391902,62.55145788374904,ACC_00188,north,1,0.8687940386713359
0.6050210882737669,27.516026063868857,45.02327476570961,ACC_00189,north,1,0.9209644701084143
0.18451847581532727,43.09834157895607,37.318631950246875,ACC_00190,south,0,0.14346460325013147
-0.6135846699071759,47.27167772760343,48.31740865512459,ACC_00191,south,0,0.09054754216273231
-1.7207602778020161,84.47841060101868,50.68371565967659,ACC_00192,south,0,0.09275708305825021
-0.6057734830953652,76.02529425052619,32.53533274420967,ACC_00193,north,0,0.14400347670696928
-1.2919583809517312,79.23744042772059,53.316476671257625,ACC_00194,south,1,0.9151667355964502
1.804102078059118,10.992813798578249,39.528424313097354,ACC_00195,north,0,0.11308707114403166
-0.015109693923239145,47.45385983617854,67.11028809190788,ACC_00196,north,0,0.0642725048207882
-0.2459193290471707,53.32097364717912,55.23960512076735,ACC_00197,north,1,0.9203618420783826
0.9891538247878059,11.727304914075102,46.001000098906836,ACC_00198,north,0,0.07212590978470726
-1.0217511028558879,33.38318878705308,42.5483222968265,ACC_00199,north,0,0.06597939442195126
-0.6668640380045524,78.42608408099215,48.95032292436376,ACC_00200,north,0,0.08959685269699864
0.16807226924862104,22.339873515609916,56.127907415832894,ACC_00201,north,1,0.8824262182965393
1.1287689914234806,58.17791183073325,49.745058714148,ACC_00202,south,1,0.8933520091684488
0.6016850451687882,29.368168481551375,47.82841192863143,ACC_00203,north,0,0.056770550964252445
0.3483251425158822,11.090869717950394,50.58370290817896,ACC_00204,north,1,0.9287644891940302
0.17811773523601637,31.708131183958734,43.961410687630455,ACC_00205,north,0,0.13383058883549287
0.5002358555267752,97.82863794190484,46.56794073156962,ACC_00206,north,0,0.04157972577577558
0.30165290512925463,82.13834006946907,29.14207561094996,ACC_00207,north,0,0.12935373416999651
-0.9299722747769358,96.361897988893,59.737262308523675,ACC_00208,north,0,0.07568414110535121
0.14607922163315135,53.90686395337262,52.98797780321762,ACC_00209,north,0,0.12570926610948358
-0.9736886589177526,19.876257880975317,42.265441559665696,ACC_00210,north,0,0.09794660522000753
0.1810825429008237,59.31635400763236,68.98734981355238,ACC_00211,north,0,0.10086326692242996
-0.38064794148824144,50.89396011039648,50.87016480392386,ACC_00212,south,0,0.09444707051736345
2.6393816227828615,85.99213744656544,39.63856428024803,ACC_00213,north,0,0.1363638761270046
0.060105616248288085,18.827432270582015,58.567374214704586,ACC_00214,north,1,0.8628123596242492
-1.3042395662615887,53.94170233196004,53.980482165092624,ACC_00215,south,0,0.11823521016205027
-0.03418021067692456,23.50437982245858,53.94579985484219,ACC_00216,north,0,0.13303990494668652
0.6193587456378881,39.22083342010539,45.7424439534841,ACC_00217,north,0,0.12149020241621232
1.7733639461525237,76.36213696490196,54.504957237780346,ACC_00218,south,0,0.16974096742970252
-0.4894523999387185,52.84163164318899,47.38241709778905,ACC_00219,north,1,0.8841315971182591
-1.48242797402364,43.82994566311924,55.559414516458425,ACC_00220,north,0,0.12871914467780593
0.9168370114309812,45.50286507130318,30.95055545989361,ACC_00221,north,0,0.0968172809397574
-1.280598705899651,51.350209156538796,45.661265370208106,ACC_00222,north,1,0.9370021822905801
-0.336155441507485,80.65148894533512,67.22155097808195,ACC_00223,north,0,0.09976933012835892
-0.15762048551099403,90.2876220046211,42.32932544599699,ACC_00224,north,0,0.08836372654412591
0.030366546699891833,95.98012178535355,43.961617025068136,ACC_00225,north,0,0.13918216611614886
0.7891644570743356,80.82130476297655,45.52038661550025,ACC_00226,north,1,0.8852531418294322
-0.5836342822863877,38.38662061732114,37.85193864111356,ACC_00227,north,0,0.05761822723298332
-0.1737292521667607,71.93212354778879,27.91719223771748,ACC_00228,north,0,0.08449459350478515
0.08572964705061151,49.384281164985275,47.69413601476387,ACC_00229,north,0,0.11857098839765598
0.24959795751878805,32.92035598414461,51.35859424081657,ACC_00230,north,0,0.14176116254761273
0.19782717470792266,85.67844214833303,49.474949314613475,ACC_00231,north,0,0.10333388125889537
0.5360057752225798,13.458371406609249,48.55121438052113,ACC_00232,south,0,0.13954591201702077
0.9438395096417372,91.15857929218812,50.430408708503876,ACC_00233,north,0,0.0592547523556722
0.49263411565096804,51.53297181622607,60.22841471550764,ACC_00234,north,1,0.8867020960554629
0.5535855235092184,67.34813291274523,48.09553814070783,ACC_00235,north,1,0.891342746485377
-1.4822231667464776,69.34185299852044,44.259174229127304,ACC_00236,north,0,0.09656321717582442
0.15022769916568046,90.56059666358827,47.188745151119136,ACC_00237,south,1,0.9025228316475059
0.5795075480016086,67.30027139504867,55.793467597567755,ACC_00238,north,0,0.12072732872176578
0.8289411945704502,65.25402262840555,64.1202687854325,ACC_00239,south,0,0.0866557948548853
-0.5923507742337942,15.998683650462096,43.71856260830822,ACC_00240,north,0,0.10417086060859378
-0.559039274888645,56.656721975068365,50.989337870288836,ACC_00241,south,1,0.8986463132902784
-0.47410067528359834,23.51521007353375,53.3835744193596,ACC_00242,north,1,0.8722233028832655
0.6364138998913433,76.3690391849337,40.07421993271177,ACC_00243,south,0,0.09658999932755695
1.1338810549242087,56.0999728731407,50.20417167212918,ACC_00244,north,1,0.8956902141030865
-0.30746010729160156,71.2205001287518,35.34326142657905,ACC_00245,north,0,0.09504758304990862
1.007962313627049,13.750561054214584,32.30949696260601,ACC_00246,north,1,0.9009527836974436
0.2234798091645942,17.63128144412229,53.66746407892257,ACC_00247,north,1,0.9022702062184016
-0.02428577716243628,74.4691049256414,46.16125258669217,ACC_00248,south,0,0.0870311446267801
-0.11138422981796897,16.487590239880603,52.02280407621219,ACC_00249,north,1,0.938181442019138
0.8466113646021571,16.413105498873275,49.8210502299165,ACC_00250,north,0,0.06491558112390951
0.4255778167870701,11.08976277113987,40.235999513362025,ACC_00251,south,0,0.07837089674590311
2.3758254276476376,96.0851258469532,49.547456980356635,ACC_00252,north,0,0.18339890872670667
-0.7522246429973242,76.37575235131062,37.668986949851444,ACC_00253,south,0,0.06886025935032311
0.6181017020299757,41.79262676518577,63.909723580014,ACC_00254,south,1,0.8593873597587073
-0.4292010098115129,36.68820231588897,36.440296551400365,ACC_00255,north,1,0.9220343023500366
-0.7692869869886438,41.47329067712646,48.04214729031418,ACC_00256,south,0,0.037686404386783785
0.08913286296502786,79.71881780630636,39.57728411952752,ACC_00257,north,1,0.8929417827008268
0.23735247940703602,69.5233549963373,55.704211733607956,ACC_00258,north,1,0.9643747477522947
3.0181735550600925,26.667601108072112,46.68568628718497,ACC_00259,north,0,0.05365192233539799
-0.08414581568320206,25.66984018006759,44.8133328037879,ACC_00260,north,1,0.8405410654278386
-1.0301787294846834,18.85560847420576,58.532015450515544,ACC_00261,south,0,0.05502456394126906
0.37301071749438575,69.42724477312044,50.29430591677552,ACC_00262,south,1,0.9269507870504096
-1.9746400375463682,78.79353959995623,55.166444459359674,ACC_00263,north,0,0.13374330159957437
0.008043217395734145,33.85417854925036,40.186740634825355,ACC_00264,north,0,0.08462233609064475
0.11602528229516043,11.885046492782154,35.95183056072493,ACC_00265,south,0,0.12049637212003207
0.8946003829452114,17.39545007287846,51.07207962040134,ACC_00266,north,0,0.14170765982535968
1.073622249427847,97.10740313605274,46.81153644505269,ACC_00267,north,0,0.15362039243289477
-0.4035696189077175,36.59002997296783,56.26434672453944,ACC_00268,north,0,0.09260994156460456
-0.05061401462993301,79.23008330543203,49.2009154733745,ACC_00269,south,0,0.030955848469900404
-0.666120830610671,66.21972119688374,52.0507533923463,ACC_00270,north,1,0.8753736323277094
-1.0280625548076938,44.37456756876063,33.76617470058757,ACC_00271,south,0,0.08719587415194227
0.40989477938063457,28.51185359759996,68.88436939614257,ACC_00272,south,0,0.09223183610264829
-1.1735855485965991,20.92477763434658,48.357580149679684,ACC_00273,north,0,0.09436421796973841
-0.31462690057186316,65.35116712349799,56.97586970339199,ACC_00274,north,0,0.13356683793792007
-0.8951739598992374,79.71704025740092,41.63908329780374,ACC_00275,south,1,0.9382328528006274
0.6496831862902597,67.95138281870176,53.08009902217341,ACC_00276,north,1,0.8948497903822565
1.901430099266488,57.727191992424245,36.97155236475255,ACC_00277,south,0,0.13295454628155456
-1.2015879828033311,13.775610108847264,54.520678382596714,ACC_00278,south,0,0.11072984099893268
-1.753018482897569,97.16398998349455,46.44025915614167,ACC_00279,north,1,0.9019351791858772
-0.02488688535006739,81.88427724891172,50.291905039355676,ACC_00280,south,0,0.12719632471329892
0.11569779595775839,36.35398330308683,56.97974030130098,ACC_00281,south,1,0.9021675614471375
0.3186593067572977,98.19732964229655,37.6745968877972,ACC_00282,south,0,0.16173433531293288
-0.34632051523434493,64.16934306726898,43.15508269387203,ACC_00283,north,1,0.8568476649961633
-0.10063929882543182,62.418039238652185,54.573242810867654,ACC_00284,north,0,0.08454487302723948
0.46751041054060216,77.3265861486579,70.98221474546747,ACC_00285,north,0,0.09620443309138149
1.140430892644839,83.05928092811239,48.61917665338518,ACC_00286,north,1,0.9131835807137397
-1.8550487703182827,69.08307465983523,55.91136117923932,ACC_00287,north,0,0.13803881461309267
-0.2689394390314622,21.528617172958,48.930285301415196,ACC_00288,south,0,0.0992680429829153
0.3138087939410634,40.44407553950485,69.422455947563,ACC_00289,north,0,0.05733311051481379
-0.817976104610736,93.52752762934448,32.52778333034745,ACC_00290,north,0,0.12527541689365013
1.8311696317672996,30.215405065946673,50.94621044669358,ACC_00291,north,0,0.12264876298425895
-0.535409880228737,43.4950321453762,33.744559664379395,ACC_00292,south,0,0.04174424021861783
0.05870731299271717,48.88691946497764,24.934284294632832,ACC_00293,north,0,0.09988587598987603
0.6560220968422907,49.5464490725007,52.97462053117817,ACC_00294,north,0,0.05229574507959107
-0.4912847888018945,65.1645624245073,51.39497796147459,ACC_00295,north,1,0.8800604670749381
-1.746573047804417,94.87682539702368,47.15163062257798,ACC_00296,south,0,0.07291573219111601
-0.3286545269165333,31.662344064925446,48.93805909960247,ACC_00297,north,0,0.12427794094725958
1.1294405559270406,20.935123867082623,80.98299434071258,ACC_00298,north,1,0.9035049052251656
-0.23689512678513855,27.77234408739436,47.418248619685656,ACC_00299,south,0,0.06143226997731918
-0.7464343014589786,89.82324101883425,55.10124361250075,ACC_00300,south,0,0.12640197888872026
1.0256722095027218,68.12297313896855,43.50635180386119,ACC_00301,south,0,0.05698582528214757
-0.2307748960230527,35.73161103152441,52.95232575040603,ACC_00302,north,0,0.10990341371412832
-0.4101608136502173,83.43522450717555,47.61766324944382,ACC_00303,north,0,0.07557967992125333
0.24945608966330954,87.52329967270924,45.8948151727027,ACC_00304,south,0,0.08902968752408441
0.8707502096187874,86.18629048212502,68.18898532200325,ACC_00305,north,0,0.11512812244115153
2.481713531732546,92.7033880275599,61.77184963184339,ACC_00306,south,0,0.11564348197178588
0.927236107657423,32.701691815602544,51.36746647399231,ACC_00307,north,0,0.14010907220667881
1.2598399663883444,77.95377358716505,26.957880640560333,ACC_00308,north,0,0.0975323890098564
-0.40596619898785535,51.4485547546726,46.389907767474305,ACC_00309,north,0,0.10919352588890023
-0.9258681059694763,85.77986976010554,77.03027564405083,ACC_00310,north,1,0.8868678803278702
0.16233134961912296,75.5641609445452,47.69338333360292,ACC_00311,north,0,0.10545969647868393
0.20716991525959622,79.88027018497522,61.032175720536586,ACC_00312,north,0,0.11318458144025535
-0.9785127413645972,69.05456539129644,64.419424019526,ACC_00313,south,0,0.09705070457636872
-0.07529452990401284,25.968589252273617,52.18963915855975,ACC_00314,north,0,0.04588748547722512
0.49931760171913087,59.05242270072445,41.58178368131848,ACC_00315,north,0,0.10994412688992686
0.4603933950180802,98.62027655720574,25.646876682171115,ACC_00316,south,0,0.11093684432066371
0.6042878533842724,94.36492598474071,56.84163208608955,ACC_00317,north,1,0.8795947957095615
0.39096473013744293,13.885636221731051,41.85243997176452,ACC_00318,north,0,0.06146838891782458
-0.4070086592700558,24.833333415649342,51.76150451887692,ACC_00319,south,1,0.944276374515119
-0.4139006266488432,21.85558961091057,37.50179660410636,ACC_00320,north,0,0.11474336532683206
-1.0989513979938759,75.3381918986766,47.34762459529798,ACC_00321,south,0,0.09312756907234872
1.884775039185095,83.60067968712505,50.33719054901053,ACC_00322,south,0,0.06588901350557538
0.11345036461929302,29.216022967960473,52.68593581044298,ACC_00323,south,0,0.07534555514735963
-0.12485305579485192,55.52674236566461,38.85177812647586,ACC_00324,north,0,0.13907771190358695
-0.8287920814524588,85.663272521008,61.96910948761352,ACC_00325,north,0,0.10412985822604139
3.0356579023277783,75.95213902896255,44.03105215268029,ACC_00326,north,0,0.08348238798997881
-0.9733280322228955,58.80134849426634,33.255305395467545,ACC_00327,north,1,0.9152906769367397
-0.32884792560607334,63.13129214128956,48.90976580036536,ACC_00328,south,1,0.8755680543766103
0.5158368362860605,55.752449222465195,50.3437530902646,ACC_00329,north,0,0.14502529090841135
0.7002129657442777,36.77936061869385,51.6058943317176,ACC_00330,north,0,0.14058401604690177
1.0579320552156841,60.85197935731145,63.621324036850794,ACC_00331,south,0,0.0860027778639167
1.9076085077692633,71.99967718450816,47.6355116326414,ACC_00332,north,0,0.0811398925890742
0.6061576554607123,88.59906242747269,48.803803756312284,ACC_00333,north,0,0.02145600403923162
-0.9560307999666676,67.26622185813233,38.96815618766907,ACC_00334,north,0,0.05555257685345897
-0.15694512512178152,78.50093833388422,58.20553502887897,ACC_00335,south,0,0.05981590675126732
0.40783237251388493,24.40644714591157,51.843090640781035,ACC_00336,north,0,0.10405571022962158
2.168226041505824,51.54017269778109,45.79972272705837,ACC_00337,south,1,0.8902129888667593
-1.297805478424297,10.839845784438397,30.953253065345365,ACC_00338,north,1,0.8596399353775428
1.3025765052252276,32.20109780694607,64.44412195055088,ACC_00339,south,1,0.8915650787260633
0.2799143695464168,75.38155436017044,37.72320035543943,ACC_00340,south,0,0.11516011442942047
0.9378305352294807,99.26289562144271,44.08721990630294,ACC_00341,north,0,0.11583518049746762
-0.0019947166359319812,18.92602896284943,53.58344511076003,ACC_00342,north,0,0.04300989157423357
-0.7424326301263264,46.13448842751594,38.034420713833136,ACC_00343,north,0,0.09615209558548508
0.850872779401332,82.00638718292436,35.064902217468564,ACC_00344,south,0,0.0584997766908517
0.7544310271056212,28.363207116600897,28.76052417299335,ACC_00345,north,1,0.9270518609142082
1.0720569657397219,59.95764543720576,57.20996952905636,ACC_00346,north,0,0.12352439249060496
0.08669536462136469,75.97641664267073,44.54813755273678,ACC_00347,north,0,0.07305918321026625
-0.4998220233198494,65.43869052341611,79.2727009247333,ACC_00348,north,0,0.07701864392798802
-1.4587869950238415,26.922226115387453,40.05644934369127,ACC_00349,north,0,0.08616198848505079
0.9193732681394063,41.984611181716545,40.785489765710786,ACC_00350,north,0,0.032416198158059836
0.523889482443986,80.54126060368574,44.346070297145985,ACC_00351,north,0,0.1100790452032173
-0.8657826328639593,59.8803862718815,52.43134655138489,ACC_00352,south,0,0.09181466360979608
-0.4385736732966242,10.470665218862147,45.29796661214689,ACC_00353,north,0,0.12910525247703578
-0.36675881195144056,78.48916840252845,56.123322140025124,ACC_00354,north,1,0.8670477234611235
-1.382984431982418,13.178021944621516,40.21411610011346,ACC_00355,south,0,0.08142631155250206
-0.7176823966051338,77.1160404458109,36.18408281536419,ACC_00356,south,1,0.8548042422588266
-1.033830356806354,28.223250414871366,32.01785260590893,ACC_00357,south,0,0.0698712830951724
-0.3124790118879367,96.22661321074422,27.76425832062803,ACC_00358,north,0,0.06454054011795343
-0.6386974983295628,43.11466761718761,44.81930980524943,ACC_00359,north,0,0.12987921036539338
-1.5270049208667487,39.42384547042712,46.99019687606778,ACC_00360,north,0,0.07905214453745824
2.1225902305694815,23.39992452992002,43.68562972516817,ACC_00361,south,0,0.1037252705423384
1.3525407310292308,37.50437939411934,62.43405797187162,ACC_00362,north,1,0.8885770978841459
-0.6790194215199856,88.89856856453805,62.28030209608135,ACC_00363,north,1,0.8619160420196157
0.37242139665360985,99.67009038645226,46.65197012555498,ACC_00364,north,0,0.09495098730485073
0.517465089821295,43.14785774561635,32.060788868080365,ACC_00365,north,0,0.11797309995590785
1.291085854773477,50.37495678590883,44.33294891944947,ACC_00366,north,1,0.8637672182236995
-0.7186050266600786,74.98638443824633,44.00178606082939,ACC_00367,north,0,0.12427338372194137
1.1921067839824262,89.75762024185671,43.42865037721942,ACC_00368,north,0,0.07450837235566912
-0.4479053042069351,63.37399007681057,43.022810961017555,ACC_00369,north,0,0.08551048221781478
-1.2358624041686133,45.23731283600464,43.465371042751926,ACC_00370,south,1,0.9159204936903015
0.8241365593144973,47.13596567637614,46.134583841022405,ACC_00371,south,1,0.8800969152834154
1.3907584241224282,72.60563318471262,43.64458901184443,ACC_00372,south,0,0.10112724578007598
2.6879089735306847,10.289643724385082,52.08322508625592,ACC_00373,south,1,0.8905592751363572
-1.0997252650902134,65.76304037138567,53.60368715904861,ACC_00374,north,1,0.9038810402011146
0.7989196850807888,41.99437093972217,40.8935491281751,ACC_00375,north,0,0.028577826834295092
-0.309801243793533,81.47775981493758,62.71065326007033,ACC_00376,north,0,0.04510954554375752
0.8833587105240313,18.369157584081893,40.19937698159386,ACC_00377,north,0,0.11847901018140515
-1.3704895512312505,62.93820402535515,33.82199386184663,ACC_00378,north,1,0.9311154421694715
-1.162769775698564,53.28756008975114,53.807780713650516,ACC_00379,north,0,0.07268539889405437
-0.6758748231664838,67.80929733147048,41.825918655856604,ACC_00380,north,1,0.892679149434866
0.17896404566808452,15.836823503467151,53.21291470757388,ACC_00381,north,0,0.10884157758706905
-0.5410812665383554,62.198540868531815,25.963313988994695,ACC_00382,north,1,0.9207965280497612
0.7590543439134196,60.533612916357136,63.924559414830675,ACC_00383,north,0,0.03916968184987455
1.1268946182579145,60.459408497455385,56.72293408040402,ACC_00384,south,0,0.0734187925906487
0.6995775412453558,64.31388999368093,34.99523450836998,ACC_00385,north,1,0.8900226186045038
1.7187876396608681,70.8821143503726,35.21222876153715,ACC_00386,north,1,0.9210942059170815
0.515826629455343,82.44900997126928,66.72265904097527,ACC_00387,north,1,0.9749529145116449
-1.116896710340167,34.28386481153929,42.626200965020416,ACC_00388,north,0,0.09315982819570846
1.4633765135383399,84.25444691620558,41.65815151267376,ACC_00389,north,1,0.8577906761368803
-0.5051562356059974,54.843011403710825,27.339479058507173,ACC_00390,north,0,0.11206804231603895
1.01041849968557,16.935245122089803,46.49221794398446,ACC_00391,north,0,0.13962987368622132
1.6737342165551063,15.269583631958128,47.722803851642475,ACC_00392,north,0,0.10324042362938503
0.5566880107303992,40.08144868264547,57.15493096769485,ACC_00393,south,0,0.07280054364537122
-1.3961588131646496,80.64072794003208,36.00921571815525,ACC_00394,south,0,0.12873981824440056
-0.8182121665097916,73.69128412668242,34.7971320775939,ACC_00395,north,1,0.9199063685549531
1.4227444668851357,80.97534682051658,54.509626347764765,ACC_00396,north,0,0.06921757467413128
-0.06912268564281637,56.55421507974484,60.06730071227065,ACC_00397,south,1,0.9114427685260302
0.17957353494216582,49.61790981599415,34.28847648882117,ACC_00398,north,0,0.12991796702976618
0.8588244161636093,23.270727403565555,60.81514086299741,ACC_00399,north,0,0.13545670127676682
0.7963228620803234,39.53734782483804,50.375418414868214,ACC_00400,north,0,0.09800653074071633
0.3787998123854607,49.061742955648775,60.91805339074646,ACC_00401,south,1,0.8892576166146204
-0.10866837122046583,17.97403867116555,49.29779638482383,ACC_00402,north,1,0.9368182146624379
-0.2126684457323573,29.855075744009014,24.777220825120494,ACC_00403,north,1,0.8636951849105735
0.957898825291343,63.840276465736494,48.48032617683961,ACC_00404,south,1,0.9131573787276301
0.6535695310677933,76.20968028152708,60.6014381867127,ACC_00405,north,0,0.05889920117906713
-0.15730000061778962,99.85127602536546,41.06253980916286,ACC_00406,north,0,0.13196128816778807
1.1821123129931408,93.98019982092019,46.12035031092548,ACC_00407,south,1,0.8922586345316652
-0.029034115129783766,67.83086795816723,48.23866496449022,ACC_00408,north,0,0.13805749706942408
-0.7516621743343933,47.91232479646648,21.00486120131518,ACC_00409,north,0,0.11474238269066582
-0.6589706989033448,67.25596282374094,66.71347575437477,ACC_00410,north,0,0.06330339309814212
-0.8787408363097661,80.70864562722087,40.98624320102826,ACC_00411,north,0,0.1427388319623173
-0.17241001660368718,20.65025718310486,55.05735432472799,ACC_00412,north,0,0.14653735799283188
1.3337242783361931,46.891440072665944,49.132988638517915,ACC_00413,north,0,0.12646859477797648
-0.7050951810305088,85.58220570720555,62.5761905635936,ACC_00414,north,0,0.0771523640489134
0.2884757610181029,44.54496567397396,54.06056122428081,ACC_00415,south,0,0.09081958136927774
-0.5566893456274132,61.46850441044679,47.65075728479025,ACC_00416,north,0,0.10436281652217279
-0.16030904127143755,62.89924247759784,41.0648490748072,ACC_00417,north,0,0.07888868802005701
-1.4100412119852521,26.602862782027543,57.978507013821385,ACC_00418,north,1,0.9507703971738961
-0.12053822915653739,42.601189748705956,31.26558696045383,ACC_00419,south,0,0.1043297941517811
-0.09370537980496205,40.1060159867739,56.45890420275892,ACC_00420,north,0,0.01889955858677929
0.6402879440356953,12.35770376788583,39.00955248445128,ACC_00421,north,1,0.9101806743826867
0.32328091325537056,12.177258750221972,62.5228366195664,ACC_00422,north,0,0.08955527809548061
-1.0983921249520452,84.85273393081961,51.61299542662695,ACC_00423,north,0,0.09775220331644657
1.1841982440435428,34.576372897553114,56.44123767850109,ACC_00424,north,1,0.888941419026429
0.3103030402219954,56.62708896149339,50.819888138247194,ACC_00425,south,0,0.12421139249820062
0.2983935171774867,36.88530162298957,32.47622904859003,ACC_00426,north,1,0.9335906333566014
0.09081764661486107,94.66113206038065,41.39270836604662,ACC_00427,north,1,0.9084915948677597
-0.41775744722221975,33.336708297919635,56.72389337611382,ACC_00428,north,0,0.08982066438585523
0.31780233974872607,48.66911314650416,51.66655817359844,ACC_00429,south,0,0.0987598838557249
0.5755884359285824,88.54572254361416,61.809899053056725,ACC_00430,north,0,0.10058798849732885
-1.6468956913455548,85.77402101126278,54.03274563037172,ACC_00431,north,0,0.0759270988040549
-0.4387608373460957,26.749127606164958,40.3329810929734,ACC_00432,north,0,0.11736785945713704
-0.15494697040358932,82.23789788161393,42.03935862279366,ACC_00433,north,0,0.11380126971581399
0.35617060569427816,51.23681980641034,51.02917390523237,ACC_00434,north,0,0.1462132371933002
1.293311005927126,53.46719848768197,26.859559339998945,ACC_00435,north,0,0.13766049340865424
-0.6717408145967824,22.01319751743494,66.73441885622985,ACC_00436,north,0,0.0794297524722961
-0.39796184681784197,17.254136238141218,54.41746736377557,ACC_00437,north,0,0.12460895123526894
-0.4125341106465501,75.51453762763887,62.27034597048872,ACC_00438,north,0,0.07147139850716586
-0.7015275901045416,54.68150371197698,34.19396059190831,ACC_00439,north,1,0.9208779630282256
-0.24718649511226246,49.31656323536616,62.445651603552555,ACC_00440,north,0,0.08450157403719677
0.8708022199879711,75.65574057871571,72.31498911027748,ACC_00441,south,0,0.06930240329873247
-0.9538354953643456,78.89616090919988,36.79121644622683,ACC_00442,south,1,0.9084013602809221
0.5278143951529032,24.30173509024182,57.71401794903767,ACC_00443,south,0,0.019762986155375792
-1.6019022300183354,64.92026345298771,50.01109944687293,ACC_00444,south,0,0.047470732767843166
-0.46133799644220597,22.1818674049917,34.55566151751756,ACC_00445,north,0,0.0946752434867715
-0.22948930021798605,77.62375774261412,54.928839718518695,ACC_00446,south,0,0.10247325299904528
1.7748596729140649,69.12596406404256,58.33603204837348,ACC_00447,north,0,0.08892043689525433
-0.17480230475268801,96.09531589751121,43.98873447331153,ACC_00448,north,0,0.05261691103847205
-2.101243473450918,16.206221472077907,61.65916520255223,ACC_00449,north,0,0.07546324473584484
-1.8988889068612498,15.134924903612887,33.33236593210802,ACC_00450,north,1,0.9117362798171218
0.134029586346681,35.39683672238802,35.052438535503555,ACC_00451,south,0,0.11745345311885089
0.7137708557899086,33.55351153623154,51.365973955887526,ACC_00452,north,0,0.09951330647212177
0.47545585762725284,32.22809191647998,50.25385277972272,ACC_00453,north,1,0.9347050134311097
0.2675701058009903,91.5629122468933,42.834265115758946,ACC_00454,south,0,0.11192191070377704
1.262259597505667,32.45915798645555,58.09594435971886,ACC_00455,north,1,0.8775763303812536
-0.43959122073713164,34.47547535157679,55.30894314215949,ACC_00456,north,0,0.09158493839765149
0.9949105560268252,78.34584361761674,58.581390709340155,ACC_00457,south,1,0.8579140152837644
-1.5320148850264173,50.4765858205486,48.76863564647732,ACC_00458,north,0,0.0967558302882575
-0.8049478329380663,79.9039501259663,56.02580267978341,ACC_00459,north,1,0.9333630185766402
-1.7070413949318162,15.882954180794671,45.54349696970006,ACC_00460,north,1,0.9205587025413291
-0.17484530066979223,53.88140743060459,70.53818690086595,ACC_00461,north,0,0.14206027977757366
0.05373878273365747,13.025224016495436,41.87454229878014,ACC_00462,south,0,0.09091344268603022
0.21410149222651992,15.638788310981907,71.05297429458312,ACC_00463,north,0,0.14038299383542774
0.1618833528871352,91.57937080099698,50.34887947089408,ACC_00464,north,0,0.09420087320656091
-0.827553330811728,22.532083400583566,36.24489110431257,ACC_00465,north,0,0.14414755247709682
-0.09024084441321567,57.91786140476954,63.68079350488601,ACC_00466,north,0,0.0993442975767363
-1.3974466686057485,46.99860423406359,51.25901388394959,ACC_00467,south,0,0.12121694121412831
1.4632289751322505,41.26089936329584,58.51124098380238,ACC_00468,north,0,0.1442533709292957
-0.20362607289800097,90.98500111185452,62.238559185425935,ACC_00469,north,0,0.09419717114256383
-0.3888861190436912,11.964105709794055,53.37955554145025,ACC_00470,north,0,0.10655166962632523
1.688940328444083,69.74107175580302,44.077591551871855,ACC_00471,north,0,0.13866590275618906
-1.1422465335492291,96.70549907921954,59.7571337766925,ACC_00472,south,0,0.0960099050820981
-1.025587114031969,60.41513651156578,50.007555074545955,ACC_00473,north,0,0.06037323152481518
-0.9962203248685652,94.31402158297827,56.85857818608419,ACC_00474,north,0,0.1642902116375473
0.03212861830051811,14.703209135742139,28.462694262085385,ACC_00475,north,0,0.0859070660698859
0.5316316296375974,47.69139871667453,54.46981717009852,ACC_00476,south,0,0.10476268152812629
0.8396754681178337,33.414201186584606,43.6141417485497,ACC_00477,north,0,0.13468020008353382
2.671995317494969,75.77388684826568,66.5330963717853,ACC_00478,south,1,0.8817451828880639
-2.1494324542007637,98.31673814475221,56.23087347889095,ACC_00479,north,0,0.0697639626033361
0.7087355891244169,33.0877056199823,52.398577458492966,ACC_00480,south,0,0.107612118903245
-0.4571305725722312,68.8757141326667,54.86309993350221,ACC_00481,north,1,0.8462077080626283
-0.48641514888877346,27.82878694837661,40.01559147123282,ACC_00482,north,1,0.8913628176939624
-0.5197721282538776,60.879722911444894,66.23256690528054,ACC_00483,north,1,0.9073511599294622
-0.8087696708079734,51.75392380195026,69.91370418416905,ACC_00484,north,0,0.09190144309524509
1.784524834603452,97.48047966683833,53.92913510548216,ACC_00485,south,0,0.053696471704427595
0.9422973270139027,64.76745454268199,65.90403568573639,ACC_00486,south,1,0.9478253386861204
0.12319597855737482,41.455573487813695,44.308518013274664,ACC_00487,north,0,0.10310614461847527
1.4510157524870004,20.268620639914005,42.02886433775019,ACC_00488,north,0,0.14293456353285222
-1.4125289652988755,23.612214586144113,50.40924748728923,ACC_00489,north,1,0.8921989124945867
-1.230705131330926,30.27852369561116,54.349410383678986,ACC_00490,south,1,0.8735996405492771
-2.0779677321946877,32.58699952062682,46.060133187568795,ACC_00491,north,1,0.9080754276076548
-0.5994145401232875,86.5554452057024,55.37768190368484,ACC_00492,north,1,0.8935263862101535
0.2616985267047529,60.510050945427245,53.06389482073414,ACC_00493,north,1,0.8646671562602593
0.20285857793233408,57.10518202369298,40.01693224708945,ACC_00494,north,0,0.14409352776362488
0.24934191105988046,20.32919846822957,55.18793017451721,ACC_00495,north,1,0.8813318933131802
-1.3110568310660817,87.41257240144915,58.63528242521521,ACC_00496,north,0,0.04479200845613295
0.903154742614022,75.05328728876353,51.71469317590391,ACC_00497,north,0,0.13984498161872
0.33962751823899795,16.090152571000143,61.52648103261693,ACC_00498,south,1,0.8848710595256213
0.8330542814659985,73.70515875067917,37.82596206503048,ACC_00499,north,0,0.08176528322153127
-1.7927621775900517,58.918439560838145,54.67950422131852,ACC_00500,north,0,0.04703837238910079
0.4114908587977899,17.355281117210044,38.29719293603225,ACC_00501,north,0,0.15222824459790973
-1.0877652399175268,51.247057737579084,38.85918641766912,ACC_00502,south,1,0.8613155823837094
-0.2973232525513618,53.622665841704226,43.6906916626221,ACC_00503,north,0,0.10175348442116951
0.6343648986363833,24.91970861469482,40.579398164257555,ACC_00504,north,1,0.9273786096762132
0.19109360625591318,95.11283323002542,44.52004181258862,ACC_00505,north,0,0.11265150799009291
-0.7515399797793189,86.49778343325957,47.85849689288811,ACC_00506,north,1,0.8982103706402342
0.1062731561844183,70.21201035961974,58.371544863313844,ACC_00507,north,1,0.8489500242513776
-1.431535315243643,51.606600490054646,46.78840961294298,ACC_00508,south,0,0.0757082549269815
1.2502673958982962,47.05889874260576,34.14374293230407,ACC_00509,south,0,0.10563401014127567
-0.10528401949625124,68.58761204358588,61.4006784649516,ACC_00510,north,0,0.07638477790039011
1.218549944255326,59.088868246621495,41.629098663849604,ACC_00511,north,1,0.9061007837999631
-0.42653168709604306,15.604579529369705,49.41279572895371,ACC_00512,south,0,0.12045230226445426
-0.42357598840658295,56.12523838932985,54.46536506940711,ACC_00513,north,1,0.9288750865740031
-0.6641867866378465,82.57632555095556,51.99610418402783,ACC_00514,south,0,0.0632146192656195
0.9761739316930753,51.33158898372623,60.941795475214754,ACC_00515,north,1,0.9658993816493686
-0.6094311573284759,14.676091979884157,54.79003143392759,ACC_00516,south,1,0.9230243803366239
0.7445954324151765,80.76503794456298,41.38690420302892,ACC_00517,south,1,0.8999485753899281
-0.2824523976692902,28.122740392237695,71.78562173991662,ACC_00518,south,1,0.9326860974922992
-1.8759632998916196,33.275875139923485,51.943334633382335,ACC_00519,north,0,0.1709622331599992
-0.4703140677864661,24.823571808906628,48.52659773378494,ACC_00520,north,0,0.056838396968293924
-1.079108214362848,39.71935583843478,59.63925423055571,ACC_00521,south,1,0.8932421207252594
0.13390272368233752,78.10763551197715,52.49450945930072,ACC_00522,north,1,0.8286470502038001
-1.0904077356744901,56.744727355354364,53.99228192939327,ACC_00523,north,0,0.10577954597944074
1.0259751007146167,28.43931467356413,74.92183998600687,ACC_00524,south,0,0.11096182725775423
0.008924139646972779,89.00470703368367,47.248785717449536,ACC_00525,south,0,0.09882513653671722
-0.07759599475873896,89.16236694563763,46.82239105982604,ACC_00526,south,0,0.08036399287005071
0.7558921377875826,88.35205825414062,51.16578512012464,ACC_00527,north,0,0.03851456451435025
1.0639069340758625,31.491659024338535,60.715159355810385,ACC_00528,south,0,0.11120601050235307
0.07990124823034836,50.61154097628893,34.93465969809601,ACC_00529,south,1,0.9436630345174598
-0.6712002995492906,98.64906905267875,30.344441085234948,ACC_00530,north,0,0.08226944632799704
-1.6739696161121294,79.48112286789913,44.12884729379852,ACC_00531,north,0,0.11320179787069436
-0.58604975703518,12.445067910300384,33.66077040940713,ACC_00532,north,0,0.05295567059739849
-0.5172122466479616,15.868413213444285,45.75168652474362,ACC_00533,north,0,0.11371639191077543
0.20705745299229678,51.75382391310995,55.0249969612929,ACC_00534,south,1,0.8881985310676603
-0.24514688113802716,91.82981852754041,41.09251136447736,ACC_00535,north,1,0.8771274614819126
0.7879329720514281,58.48316181574428,35.731734232186575,ACC_00536,south,0,0.07718909076351609
-0.5129832712706895,54.80312572308612,50.69337161715348,ACC_00537,south,1,0.8881916525390097
0.04295883314705824,19.492632996096752,58.625434846151705,ACC_00538,north,1,0.9114729994707761
1.2839874431968894,69.11020942518647,33.050265614833876,ACC_00539,south,1,0.8606351039641345
0.44182521395496654,83.9892844540203,58.20232398305984,ACC_00540,north,0,0.08808654005296442
0.039962458311435495,44.23780067568061,58.17306203738326,ACC_00541,south,1,0.8987558466600256
-0.5019444419351771,79.80506658327947,59.54085102156628,ACC_00542,north,0,0.06702882326404423
-0.5332313967149771,96.80289885107304,62.18480214871686,ACC_00543,south,0,0.15389995605025053
-0.7506132529519478,28.338981321492017,72.02013924659616,ACC_00544,north,0,0.07439513559815976
-0.4410068657828994,57.09966680752672,46.439079513809446,ACC_00545,north,0,0.0799168925909953
0.8556658387443146,35.8424162276118,51.09571580077858,ACC_00546,south,0,0.07065076150532507
-0.1218882712922687,81.35689771304554,45.83561566751975,ACC_00547,north,0,0.15395440261414353
-1.249773069381231,61.98340292930418,50.01976844755811,ACC_00548,north,0,0.11658715685798446
1.8681692930597835,67.11241757952735,65.32873355636312,ACC_00549,north,1,0.8719022398126908
0.41996519114516306,81.81227436543047,36.54985516069331,ACC_00550,south,1,0.933186946765799
-1.3069434005131693,45.63734253962094,41.38950327834424,ACC_00551,north,0,0.10602096082866636
-0.34184892724082383,92.3581061566339,63.77180936504561,ACC_00552,north,1,0.9077176026333451
0.21088638282841787,57.9725980521526,60.2003650690209,ACC_00553,north,1,0.8896656837374265
1.8045920932973771,24.21593405518132,46.36868353182922,ACC_00554,north,1,0.8775175203912908
-1.0081124582588692,72.63092063519221,58.544020011207195,ACC_00555,north,0,0.11013298297163805
1.0760407193559467,81.3935215394429,53.412158424920335,ACC_00556,north,1,0.8836473831001324
1.4994864269723431,38.5085509360774,65.00274609000988,ACC_00557,north,1,0.9545026688872531
-0.5286543050745702,87.14613312988777,50.745095938267724,ACC_00558,north,1,0.8619212668427069
-0.17751361886023345,91.55289292891898,60.25632113872582,ACC_00559,north,0,0.14608470318564837
-0.9363092473737703,34.921403864002805,76.4201191049262,ACC_00560,south,0,0.09666043453606599
-0.10346114108030488,98.51693254436998,55.98099155047466,ACC_00561,north,0,0.10897257202063318
0.06341002565706884,22.664037524388256,50.49328165794844,ACC_00562,north,0,0.12499473299888304
0.7596499980823704,28.181410156224096,57.22446985220979,ACC_00563,north,0,0.08109252114986693
1.1901834710204469,26.580235531422353,46.34719141796115,ACC_00564,north,0,0.1259274515409591
-0.6480960646216471,90.45907390070833,73.87967705524733,ACC_00565,south,1,0.8187736843385647
-1.8673250642259944,68.88632970924657,51.80071037695981,ACC_00566,north,1,0.8784003140033418
0.07875522072375787,23.68938549000456,47.27066679774487,ACC_00567,north,0,0.07227811577976805
0.39353752996864055,49.62910765315141,41.64310994979964,ACC_00568,north,1,0.8623948196288471
0.34941768768504167,65.37682225628218,60.972201916064385,ACC_00569,north,0,0.09355135485763147
-0.22667324750904397,17.511767649044497,58.67187412827739,ACC_00570,north,1,0.9115724990454509
0.2247520996639345,89.41747315666049,45.02645628585907,ACC_00571,north,1,0.9210797999549792
1.6154448083522477,82.32431818973816,55.764513451224225,ACC_00572,north,1,0.9072263027160122
0.4817341689625093,55.46860962189744,34.91444031787144,ACC_00573,south,1,0.8800291960531936
-0.27336842500308445,97.04139537332534,51.849705750731566,ACC_00574,north,0,0.11107049313475502
-0.4001978170959958,47.59848813475897,54.52756352076695,ACC_00575,north,1,0.9037285708455255
-0.06985235767773065,98.56992871328481,67.07329809559224,ACC_00576,south,0,0.12808168503808048
1.7367399618306398,70.11279989232644,42.291811972713106,ACC_00577,south,1,0.9233081010879455
-0.08330070952619728,67.12041459285473,37.21647371197676,ACC_00578,north,1,0.9009142924176189
0.08020565547929204,24.935940576620652,41.04572039074958,ACC_00579,south,1,0.8730824098151623
-0.3823135709363029,89.37349824741796,36.634314996850804,ACC_00580,south,0,0.08041149532503758
1.1989833574419648,48.474071912855365,63.36657357758983,ACC_00581,north,1,0.883506319210859
2.059837254744675,24.60100652042314,65.48639295024037,ACC_00582,north,0,0.09054200998251233
0.5506130494313883,11.134676797818313,53.20216577948829,ACC_00583,north,0,0.1080415128276926
0.18277290378542577,60.37801152745443,62.21294945685148,ACC_00584,south,1,0.9214552317038418
0.13678283317423479,57.46596599104087,51.339583805802356,ACC_00585,north,0,0.09846643920953868
-2.2843067887857456,74.74182601322427,49.04888352299234,ACC_00586,north,1,0.9004837436370142
0.8451508642848173,90.1232247716022,46.66962380946239,ACC_00587,south,0,0.10429918915000011
0.23416641599584354,17.146592617872656,46.89609008622435,ACC_00588,north,0,0.08452284060602981
0.5283420506607249,75.83468413063261,34.52198443690969,ACC_00589,north,1,0.8722382322707113
-0.6114621940837048,26.8670749687824,52.64254763607339,ACC_00590,north,0,0.047336863080678714
-0.2844568789770916,87.23593478414476,49.596660897859564,ACC_00591,north,0,0.07914551925769384
-0.311024936503173,83.71571624754905,57.45360724077876,ACC_00592,south,1,0.9141943635980336
1.121622984073039,58.671437948698994,50.9352349643861,ACC_00593,north,0,0.07891265685881299
-0.27875983660309334,73.92185187609803,48.37296298430908,ACC_00594,south,0,0.09286578887722181
2.1826603221097978,38.29151018653735,41.288069699923696,ACC_00595,north,0,0.11399293862236952
0.5308624190150374,52.405110903953315,50.721532368217616,ACC_00596,north,1,0.9156206848926801
-1.1756826599957315,83.94732079394245,57.38237230816162,ACC_00597,south,1,0.8676140144350188
-0.028546293251956845,51.33386774558925,38.566610089161394,ACC_00598,north,1,0.9299117806936092
-0.5516751221564157,42.20184387928976,50.874737536807395,ACC_00599,north,0,0.13382050268066456
